1 10
100 200
201 210
900 1000
445646 467705
825721 912338
233509 632051
169125 198214
252126 360572
838038 993798
406892 995264
447662 758205
886163 978852
964979 993737
751970 841323
397079 486048
455953 480043
601607 923936
308934 813450
937838 979871
292230 802391
849524 996167
301741 707178
913671 982766
638453 683432
273637 823819
788947 939100
592385 905087
337673 364860
332984 868759
651652 757944
534938 668966
542519 716561
183012 952176
206895 756753
675051 685072
775929 859936
407005 988008
127415 849574
754783 789064
781232 904647
116797 680047
786996 897687
427758 509660
954538 975861
134211 480245
814575 826981
527331 724515
718014 925449
852877 912914
116806 948826
341852 708708
875076 980431
478651 925676
645627 736737
867752 974861
356686 987768
969755 975785
516564 884130
691302 798673
899850 921233
178429 222598
820030 880201
367512 871062
297179 676314
235133 960134
514537 973573
169942 525286
712523 875624
589914 724612
736919 829719
367690 950663
375297 775734
424946 451129
481428 873320
426653 783137
175332 593846
135919 213645
441143 553838
900330 948427
438294 759656
316874 834781
476290 771390
686015 805517
664352 831554
473731 618333
982563 983681
977055 985974
654739 730546
877698 997498
782495 828359
185952 297009
245562 979314
518731 851193
322664 907443
929502 984279
558322 761726
336445 792764
935900 990240
289640 747179
126182 457637
181122 914059
783379 798316
779702 979728
990900 995762
152362 932550
386789 466546
688011 872334
503997 663517
208600 531427
120440 747153
702689 788138
300577 799450
869885 949244
460365 505945
809023 970174
384576 481833
166164 606662
950120 980286
718412 954322
998378 999233
786874 868773
322620 680899
390061 633092
363645 460237
838801 845510
699082 881349
904533 942700
887079 894812
558759 783066
687713 768777
868399 948487
871852 891211
561572 654817
914083 997006
453752 526164
258699 878964
914142 990473
864644 953650
110228 356005
369530 407716
460481 726093
487121 498312
512747 870018
468958 979380
976812 988027
209728 346005
529798 773152
381358 471198
530331 654563
541615 972940
446054 543988
260665 926128
351295 834907
788228 807520
539785 567130
104780 673624
457946 541423
596949 990298
946212 962729
476724 767950
597667 654912
155944 530209
864695 891928
656402 740827
671305 872291
126179 923982
690764 710696
133630 668394
678757 728633
104027 912663
587958 662663
868014 981130
358665 658826
548474 625122
187751 653095
113104 403462
789921 985393
705310 819662
239113 340095
435542 829683
446195 861963
242654 309561
607917 845630
481703 768620
850847 991127
557867 822026