1 10
100 200
201 210
900 1000
12 18
23 90
34 50
57 98
23489 67549
3456 8976
1234 4589
123478 897294
2390 23876
999999 100000
123456 789101
987654 321012
82638 98009
17342 42345
10170 27289
29299 32959
43345 81581
77759 93775
52322 71227
60723 79015
33446 93417
98362 98996
7832 14736
36657 64172
22778 32506
54345 82265
79623 87887
90883 97200
79880	394529
663225	358215
335788	531189
869767	971195
95007	802151
943725	441684
836991	408423
1 1000000
669 491
125 197
531 904
723 667
550 25
802 854
1 2
2 1
837799 939496
837800 939496
837798 939497
837799 939497
837800 939497
837798 939498
837799 939498
535306 610593
734566 649608
662988 623730
331304 82689
628028 684115
204115 262888
140490 73215
166985 40367
9332 676846
512304 278406
480743 899974
113916 329532
897735 632125
463888 573948
986164 858216
38567 580326
848713 964745
358989 522022
859061 739380
533989 441687
564915 789820
815845 987551
319706 631502
862416 802459
762725 328154
997337 903426
882513 693289
589356 355805
761859 858937
990368 938169
837799 837799
704511 704511
92543 489382
455605 146981
86164 137293
954845 293586
243080 901154
236129 428983
547225 689814
880202 469143
651852 837827
628037 425996
806280 806281
379341 379868
155281 158691
854261 855194
827665 827456
806129 805322
276791 280194
655238 655329
358577 358839
842747 844169
612687 612358
810273 809302
431700 431055
281758 283365
984263 984008
884741 885879
724152 724070
701743 201037
212017 13134
572556 815799
551364 144950
605684 369281
109078 317575
351457 313704
536259 275292
747 1494
591 2364
645 1935
462 1386
999 3996
310 1240
815 815
927 3708
711230 715903
179543 263802
350924 426431
279424 330784
733275 808274
116944 142786
261669 327705
452370 463979
564671 569831
187031 273691
132013 175009
650879 677055
113452 154048
87368 183024
114969 178110
17345 3458
2500 4500
